51
0 5
0 1
0.1 1.10517
0.2 1.2214
0.3 1.34986
0.4 1.49182
0.5 1.64872
0.6 1.82212
0.7 2.01375
0.8 2.22554
0.9 2.4596
1 2.71828
1.1 3.00417
1.2 3.32012
1.3 3.6693
1.4 4.0552
1.5 4.48169
1.6 4.95303
1.7 5.47395
1.8 6.04965
1.9 6.68589
2 7.38906
2.1 8.16617
2.2 9.02501
2.3 9.97418
2.4 11.0232
2.5 12.1825
2.6 13.4637
2.7 14.8797
2.8 16.4446
2.9 18.1741
3 20.0855
3.1 22.198
3.2 24.5325
3.3 27.1126
3.4 29.9641
3.5 33.1155
3.6 36.5982
3.7 40.4473
3.8 44.7012
3.9 49.4024
4 54.5982
4.1 60.3403
4.2 66.6863
4.3 73.6998
4.4 81.4509
4.5 90.0171
4.6 99.4843
4.7 109.947
4.8 121.51
4.9 134.29
5 148.413
3.21